load_map_from_csv: 3.01sec

Solve the map problem.
Map(src: 54 dst: 549)                 UniformCost                   time:   1.23   #dev: 17354   total_cost:  7465.52960   |path|: 137   path: [   54,    55,    56,    57,    58,    59,    60, 28893, 14580, 14590, 14591, 14592, 14593, 81892, 25814,    81, 26236, 26234,  1188, 33068, 33069, 33070, 15474, 33071,  5020, 21699, 33072, 33073, 33074, 16203,  9847,  9848,  9849,  9850,  9851,   335,  9852, 82906, 82907, 82908, 82909, 95454, 96539, 72369, 94627, 38553, 72367, 29007, 94632, 96540,  9269, 82890, 29049, 29026, 82682, 71897, 83380, 96541, 82904, 96542, 96543, 96544, 96545, 96546, 96547, 82911, 82928, 24841, 24842, 24843,  5215, 24844,  9274, 24845, 24846, 24847, 24848, 24849, 24850, 24851, 24852, 24853, 24854, 24855, 24856, 24857, 24858, 24859, 24860, 24861, 24862, 24863, 24864, 24865, 24866, 82208, 82209, 82210, 21518, 21431, 21432, 21433, 21434, 21435, 21436, 21437, 21438, 21439, 21440, 21441, 21442, 21443, 21444, 21445, 21446, 21447, 21448, 21449, 21450, 21451,   621, 21452, 21453, 21454, 21495, 21496,   539,   540,   541,   542,   543,   544,   545,   546,   547,   548,   549]
Map(src: 54 dst: 549)                 A* (h=0, w=0.500)             time:   1.27   #dev: 17354   total_cost:  7465.52960   |path|: 137   path: [   54,    55,    56,    57,    58,    59,    60, 28893, 14580, 14590, 14591, 14592, 14593, 81892, 25814,    81, 26236, 26234,  1188, 33068, 33069, 33070, 15474, 33071,  5020, 21699, 33072, 33073, 33074, 16203,  9847,  9848,  9849,  9850,  9851,   335,  9852, 82906, 82907, 82908, 82909, 95454, 96539, 72369, 94627, 38553, 72367, 29007, 94632, 96540,  9269, 82890, 29049, 29026, 82682, 71897, 83380, 96541, 82904, 96542, 96543, 96544, 96545, 96546, 96547, 82911, 82928, 24841, 24842, 24843,  5215, 24844,  9274, 24845, 24846, 24847, 24848, 24849, 24850, 24851, 24852, 24853, 24854, 24855, 24856, 24857, 24858, 24859, 24860, 24861, 24862, 24863, 24864, 24865, 24866, 82208, 82209, 82210, 21518, 21431, 21432, 21433, 21434, 21435, 21436, 21437, 21438, 21439, 21440, 21441, 21442, 21443, 21444, 21445, 21446, 21447, 21448, 21449, 21450, 21451,   621, 21452, 21453, 21454, 21495, 21496,   539,   540,   541,   542,   543,   544,   545,   546,   547,   548,   549]
Map(src: 54 dst: 549)                 A* (h=AirDist, w=0.500)       time:   0.19   #dev: 2015    total_cost:  7465.52960   |path|: 137   path: [   54,    55,    56,    57,    58,    59,    60, 28893, 14580, 14590, 14591, 14592, 14593, 81892, 25814,    81, 26236, 26234,  1188, 33068, 33069, 33070, 15474, 33071,  5020, 21699, 33072, 33073, 33074, 16203,  9847,  9848,  9849,  9850,  9851,   335,  9852, 82906, 82907, 82908, 82909, 95454, 96539, 72369, 94627, 38553, 72367, 29007, 94632, 96540,  9269, 82890, 29049, 29026, 82682, 71897, 83380, 96541, 82904, 96542, 96543, 96544, 96545, 96546, 96547, 82911, 82928, 24841, 24842, 24843,  5215, 24844,  9274, 24845, 24846, 24847, 24848, 24849, 24850, 24851, 24852, 24853, 24854, 24855, 24856, 24857, 24858, 24859, 24860, 24861, 24862, 24863, 24864, 24865, 24866, 82208, 82209, 82210, 21518, 21431, 21432, 21433, 21434, 21435, 21436, 21437, 21438, 21439, 21440, 21441, 21442, 21443, 21444, 21445, 21446, 21447, 21448, 21449, 21450, 21451,   621, 21452, 21453, 21454, 21495, 21496,   539,   540,   541,   542,   543,   544,   545,   546,   547,   548,   549]

Solve the relaxed deliveries problem.
RelaxedDeliveries(big_delivery)       A* (h=MaxAirDist, w=0.500)    time:   8.47   #dev: 3907    total_cost: 40844.21165   |path|: 11    path: [33919, 18409, 77726, 26690, 31221, 63050, 84034, 60664, 70557, 94941, 31008]   gas-stations: [31221, 70557]
RelaxedDeliveries(big_delivery)       A* (h=MSTAirDist, w=0.500)    time:   2.42   #dev: 86      total_cost: 40844.21165   |path|: 11    path: [33919, 18409, 77726, 26690, 31221, 63050, 84034, 60664, 70557, 94941, 31008]   gas-stations: [31221, 70557]

Solve the strict deliveries problem.
StrictDeliveries(small_delivery)      A* (h=RelaxedProb, w=0.500)   time:  11.28   #dev: 83      total_cost: 14021.87620   |path|: 8     path: [43516, 67260, 17719, 43454, 43217, 32863, 7873, 42607]   gas-stations: [17719, 32863]
